2598 2760
423 2065
1348 427
3901 1665
2427 3143
3271 4786
1258 1962
3102 2208
3549 2962
3241 3541
1369 2492
49 3023
4594 2690
204 1360
4628 2631
4057 3088
1570 4932
4409 463
3818 1288
256 2948
830 1311
303 4531
3374 2360
1297 323
2794 3721
2211 1467
2845 3707
4898 227
4275 4796
4779 1156
2688 3805
3807 1071
4903 993
774 1883
1620 4162
705 3677
4450 4593
2631 2178
181 3833
3404 1518
625 494
375 4855
2117 2898
1769 4875
823 2092
3529 3264
2277 213
3477 3394
3482 3519
4031 4772
2028 1561
4307 498
4390 1509
3038 413
4518 1460
210 4780
949 3946
2226 2427
555 564
3904 1196
4299 296
3176 3423
2976 3939
2174 1477
1825 3558
572 1927
4077 4718
3945 2716
499 3469
2257 181
3608 584
3381 3255
4847 2175
4849 384
3852 2866
957 2869
272 4330
3685 2782
2360 3653
4419 4197
4899 63
3062 2185
940 3330
4882 877
4368 3420
1243 4909
1649 1909
4489 1766
1954 2088
1409 2390
2878 1030
4167 1706
155 4354
1174 4290
88 3378
1266 1477
759 4396
3428 3456
1480 211
189 567
4863 4277
4762 1411
3312 4935
3708 328
2263 1762
2724 628
1271 2204
2120 3195
3796 4019
4653 2189
785 1573
2819 4404
4745 4649
3945 871
3933 4759
1267 607
2718 2476
785 4097
4281 2225
2290 4168
3811 4031
1879 4521
3580 2458
2918 3592
2700 1552
2570 2138
1858 550
1747 4864
293 1329
3396 4233
502 4741
4057 187
4794 890
2295 2877
3796 703
1946 1136
4707 3027
3021 296
4775 2779
2211 1893
1678 1932
1364 318
1775 762
3223 1645
4700 995
679 128
947 4298
4773 3034
3951 1951
2617 4095
4177 3403
416 3283
4646 796
1555 3912
4135 1212
151 420
2072 2086
815 1020
2446 1421
2574 681
4045 4870
2914 757
4971 2476
4802 1594
3693 2688
3597 2011
1247 4620
597 3562
1465 4001
1135 273
1751 3371
3302 1315
4784 3313
3774 1163
933 3832
299 1557
486 611
4554 2893
4220 1625
3208 3193
2099 1140
3590 2023
3632 1355
2170 2886
2266 1591
1312 2128
2198 1434
3603 115
2159 1497
932 4201
2229 2216
597 2524
1077 4485
1243 3214
2500 727
1493 2881
3909 99
3226 3710
3681 4716
2412 866
39 3189
144 2875
36 4292
3206 1494
38 3179
628 1061
3383 2810
4807 3720
1956 2865
2574 1163
4046 1432
3965 4582
3195 3428
4521 2477
4590 4659
4613 192
1379 402
1499 2867
4634 998
2260 4681
4656 1531
2117 1662
2546 97
1224 2304
716 476
1288 2018
3283 1773
2342 3484
3778 2249
1489 865
3570 3964
4590 4334
2275 4753
457 3511
3645 1384
3828 2303
802 633
3856 399
670 749
2521 4093
270 4390
338 1418
1688 2952
3325 2705
2247 4739
4448 4288
895 1437
1369 3658
945 379
4208 3932
4007 3974
637 1399
3088 3067
3727 1835
4045 3096
1061 2745
4924 1052
2199 1962
3770 1735
2836 353
1561 84
3850 1578
4237 1673
2275 4047
3579 192
1522 2175
3328 3602
2782 944
1292 458
3731 180
1727 1601
1217 2329
72 4702
941 4222
4314 4031
1358 2129
4684 2977
2624 1505
1798 519
4158 4548
312 1565
135 3354
1650 2381
2988 3604
404 3930
2407 4161
4317 3784
474 4129
100 570
4484 1644
1769 3690
3659 443
4134 2488
4087 2273
3402 1998
912 948
2454 2021
1909 1741
4713 1155
3498 3043
3600 1557
1934 1555
2835 3032
1474 1658
3806 3984
3893 1348
419 3151
4045 3078
4682 1464
257 2761
534 3166
2765 1648
824 3531
1492 3384
1036 825
2067 1217
1198 917
40 2444
4697 3728
4478 4471
1596 4785
433 3028
2496 770
2459 3005
1721 4553
4583 4284
257 4312
3388 2568
1365 4933
4848 624
3118 1454
1081 969
3541 3594
134 3729
4214 4443
2985 68
4157 3357
4633 4843
2381 288
3068 3932
4017 4380
2012 4605
2595 4001
3157 137
4562 3157
3046 3570
3894 2462
4092 3056
2755 807
3855 1213
1167 1719
2008 1858
2496 127
4612 1961
1464 4774
215 4095
2554 1023
1965 2918
1716 723
4426 1011
270 2073
1557 4951
2038 924
4929 1867
1997 1391
4189 4471
1913 468
2096 3023
2167 357
1250 4243
196 196
4848 2653
3843 1983
2257 1384
4330 4317
3701 4875
3111 4094
408 3794
3792 3170
1506 4437
983 4078
329 4052
1067 3022
382 4194
1051 1686
1881 2928
820 678
1038 1374
1604 3976
4701 4030
1318 2540
232 3316
941 3641
4637 4308
4648 4669
1548 4860
2411 4242
1474 3213
1339 1112
3646 3320
778 1921
1602 2574
26 116
633 3446
830 4661
388 3183
3826 3311
4505 3548
1480 1221
2779 4995
4804 4512
806 652
2385 3576
3814 1338
4434 880
4879 3538
1457 4671
4386 2979
2115 1900
1101 609
4829 1690
4894 3961
4934 3543
4095 4026
3510 1057
3135 787
4893 692
1721 1995
239 222
305 2075
384 232
3488 624
1293 897
2142 996
2237 3241
2264 609
3387 807
4996 1583
526 1102
2243 4072
3330 1605
4184 1339
3220 1433
4140 4480
4801 3515
2959 2614
2980 1023
1447 134
6 920
2591 3886
3468 3823
215 2844
2414 2071
3135 424
1562 2899
1118 4827
2042 1199
1280 2323
1780 1291
487 982
4092 4167
2808 2466
4841 2087
262 4585
3575 316
3199 2072
2771 3483
3816 2929
4725 3919
4018 2079
3466 2264
4818 1226
4847 3057
1142 443
837 1840
4153 439
1835 4643
331 733
3099 1743
2 1796
2833 4268
1195 3049
1962 4112
117 2424
2256 2241
4907 3445
3181 3977
4902 428
1646 598
1189 1716
4458 3611
4574 3706
1879 4725
2426 280
4677 530
2199 1908
4348 4416
3999 2395
3830 1768
3989 3958
2169 752
3652 1848
569 2254
3447 4583
614 543
982 167
1392 712
4246 1609
1658 2865
1328 924
102 2017
4960 3883
2754 56
4062 867
2765 1113
2143 216
563 2530
1987 1454
4707 2843
1241 3835
1063 3114
2849 292
4945 1121
4111 2247
42 647
2134 1355
2472 4619
3578 989
4405 3704
1249 1999
191 4701
4362 4798
3165 1376
1863 3325
607 2588
1187 2149
1331 4179
4375 4603
1125 3052
1534 164
210 4424
1172 4617
1030 3199
4980 358
2290 4918
376 4748
2804 896
4077 2557
3661 4082
3332 426
5 2566
3285 1925
3272 3460
3299 2620
4462 1400
4441 4725
2102 419
3699 3945
1335 3881
252 4617
200 2011
3242 2693
3824 2114
815 3197
4180 1587
886 2855
2156 4518
1530 717
1561 4805
2389 3848
2267 3075
241 1762
1662 3411
4114 4632
701 1375
1418 3319
3792 1848
1870 4530
4885 491
115 1045
1357 403
3507 898
3322 3371
2201 2710
4743 755
4350 1830
1985 2388
939 4356
1928 697
702 3339
4417 4664
3256 861
1935 2712
384 2570
4856 4122
1302 3078
4917 2625
554 3790
202 1288
1981 3992
2943 3379
2443 1970
50 3349
2058 1122
4936 3411
3227 4665
4518 4099
4384 1009
608 2763
1042 2072
3159 1831
2491 3082
3409 2847
4467 4296
3282 1667
1629 3252
4204 3823
3233 3620
1385 3117
1804 3150
2480 1764
1416 3736
4308 127
1332 2396
4703 4286
4644 3680
3489 4192
3274 3166
1323 970
4514 2520
2397 3542
3244 3350
4609 1716
1626 4864
1725 4780
2204 1020
1400 3029
4035 402
2535 3513
949 2315
1111 4725
4060 4373
3949 3643
3094 351
3462 1424
2666 4351
805 268
494 4625
687 3437
1769 4579
1645 3750
4008 635
1406 3059
4989 3405
4472 502
627 4808
4896 3672
1975 3597
3383 4521
3932 1649
1311 2280
3758 4425
3863 3138
3455 4279
127 96
1689 3792
2857 1422
1494 2200
4311 4792
4343 2961
3935 1017
659 1249
2929 2002
3822 725
1770 1406
718 1447
1802 2797
1871 479
2510 514
3556 4410
3183 2279
624 4646
4791 4732
209 632
2174 2511
4122 1328
1871 3909
369 1290
2071 3675
2786 4215
3888 1214
2277 1784
1068 1612
4752 4273
2543 3353
4213 3982
1512 4772
4438 4068
1358 635
186 2083
2083 608
1643 1604
2566 2476
4317 2016
1252 765
1816 120
183 3442
4973 1809
2571 2807
4829 489
1000 1351
3929 3777
3895 4629
730 1334
4427 636
528 3222
240 3438
1900 1568
3661 2150
2073 1280
4620 3713
2952 4773
4891 4638
3591 923
1079 2058
3443 185
397 4430
565 2754
1198 2062
3028 1924
4885 1566
46 4941
2878 2506
2037 4151
3215 580
2900 2447
3085 3690
3319 3178
307 3977
1548 325
4147 3645
1780 3917
2268 3832
530 207
4756 1700
2581 1979
4046 22
990 2423
286 9
2677 3800
908 4144
1591 1834
1476 4519
594 331
3027 2425
2361 4106
4362 4001
1571 2298
3402 4984
3504 2647
3735 433
72 2254
9 107
886 4743
1225 3712
2675 346
234 4338
2712 2122
3793 3359
4102 2829
2898 386
1039 4647
762 4584
2435 3417
2484 2836
4388 3417
4447 4292
318 52
4202 2690
1666 1854
63 675
743 4459
4225 831
702 115
636 2010
1179 4645
4020 2269
1122 423
2963 4475
1684 1032
146 705
2408 1902
1305 964
3961 640
3254 903
466 2692
778 4437
4479 2257
2829 1361
668 3556
4954 896
702 948
2792 4248
3058 1133
3751 587
3841 2364
154 213
1333 1371
2744 1894
725 3312
3281 1058
2559 886
4229 2687
919 2522
859 1445
4534 4754
3825 637
78 2840
2747 921
3048 458
4414 1896
3658 2164
2611 4578
447 4751
747 89
2700 3554
3673 4892
2087 219
750 479
745 1566
4120 126
3149 449
3839 2156
2801 898
1224 1930
4953 2347
2350 4536
4042 804
3693 4489
4778 366
1907 4761
4076 4994
1783 372
2059 4444
3043 2346
1041 870
847 4666
3003 4195
1965 2642
4160 666
1950 965
1794 4055
2918 3231
2830 1205
4128 3348
4158 3362
1534 3550
3104 2308
4688 1330
2711 2795
840 1584
2686 3385
1683 3627
812 469
2862 731
172 3125
3273 1889
49 1431
4164 4265
3431 3850
1065 4095
718 1841
1360 3624
2997 1850
328 3650
3410 3423
1331 1279
2311 1655
2193 3007
3629 1289
1890 2233
2022 1050
3452 3662
4627 881
3049 2192
1099 4739
4260 3024
3876 544
4248 4125
4578 3255
3680 4048
4010 4748
3191 1144
3307 2714
4647 3207
3521 3500
2410 890
4151 4978
2218 2552
4310 1033
1191 4486
4879 3329
4602 3894
258 2002
827 3167
2037 4482
2610 4014
3095 3341
695 1634
3178 2274
3829 2916
4161 3486
1011 4102
4772 2695
3881 2398
1565 3877
285 745
2032 694
1601 3266
270 3437
4171 2385
4239 1466
2171 1615
4176 1136
3618 3732
1768 4051
1773 404
3939 4941
1832 2240
3239 3257
3804 1730
3183 3768
2791 2073
4863 591
1876 2477
2762 522
116 4750
972 735
1884 4656
1003 3582
3209 2783
2223 3587
987 4162
3375 2219
2285 475
4096 1759
3501 3939
4972 990
1384 4890
3031 509
4523 4950
2822 3935
3807 67
924 4427
691 1506
1200 3016
573 1656
1096 1854
4246 4578
109 2390
492 4218
4028 684
3010 2345
43 1814
4303 2276
4331 2351
3661 1800
4855 4800
4432 3463
3692 1810
2806 2373
3614 4623
1908 4774
2519 2499
1259 3579
2448 1408
2884 2466
660 2685
4096 3015
3001 132
1928 4621
1802 1760
636 3064
654 185
2065 2263
1236 4636
4182 3645
4626 4295
4127 557
3066 533
227 1051
2767 3737
3747 3225
3737 4797
4500 978
4582 364
3896 4120
3358 2852
1038 766
356 4415
